# Morlet scales for project CWT
# source: manual linear range in user request
# count=116
# min_scale=2
# max_scale=1842
# additive_step=16
2
18
34
50
66
82
98
114
130
146
162
178
194
210
226
242
258
274
290
306
322
338
354
370
386
402
418
434
450
466
482
498
514
530
546
562
578
594
610
626
642
658
674
690
706
722
738
754
770
786
802
818
834
850
866
882
898
914
930
946
962
978
994
1010
1026
1042
1058
1074
1090
1106
1122
1138
1154
1170
1186
1202
1218
1234
1250
1266
1282
1298
1314
1330
1346
1362
1378
1394
1410
1426
1442
1458
1474
1490
1506
1522
1538
1554
1570
1586
1602
1618
1634
1650
1666
1682
1698
1714
1730
1746
1762
1778
1794
1810
1826
1842